STOP_LOCATION_ZIP_CODE,TOTAL_STOPPED,ASK_FOR_CONSENT_FLG,PERCENT_ASKED
10000,6,0,0.0
10001,88,14,15.909090909090908
10002,106,10,9.433962264150944
10003,80,10,12.5
10004,7,1,14.285714285714285
10005,7,1,14.285714285714285
10006,5,0,0.0
10007,5,1,20.0
10009,85,10,11.76470588235294
10010,37,3,8.108108108108109
10011,65,6,9.230769230769232
10012,67,3,4.477611940298507
10013,46,4,8.695652173913043
10014,51,4,7.8431372549019605
10016,35,7,20.0
10017,34,2,5.88235294117647
10018,33,4,12.121212121212121
10019,39,7,17.94871794871795
10020,4,1,25.0
10021,14,2,14.285714285714285
10022,30,2,6.666666666666667
10023,61,13,21.311475409836063
10024,47,5,10.638297872340425
10025,114,17,14.912280701754385
10026,82,6,7.317073170731707
10027,115,14,12.173913043478262
10028,62,9,14.516129032258066
10029,220,25,11.363636363636363
10030,29,2,6.896551724137931
10031,63,12,19.047619047619047
10032,57,5,8.771929824561402
10033,58,7,12.068965517241379
10034,31,12,38.70967741935484
10035,135,20,14.814814814814813
10036,75,5,6.666666666666667
10037,28,5,17.857142857142858
10038,12,1,8.333333333333332
10039,36,6,16.666666666666664
10040,38,3,7.894736842105263
10048,2,0,0.0
10065,40,2,5.0
10069,2,0,0.0
10075,19,1,5.263157894736842
10121,1,0,0.0
10128,41,3,7.317073170731707
10153,1,0,0.0
10168,1,0,0.0
10301,33,10,30.303030303030305
10302,18,2,11.11111111111111
10303,50,6,12.0
10304,37,3,8.108108108108109
10305,22,3,13.636363636363635
10306,31,0,0.0
10307,4,1,25.0
10308,18,1,5.555555555555555
10309,21,4,19.047619047619047
10310,13,2,15.384615384615385
10312,47,2,4.25531914893617
10314,37,4,10.81081081081081
10451,86,17,19.767441860465116
10452,64,8,12.5
10453,158,25,15.822784810126583
10454,78,10,12.82051282051282
10455,102,15,14.705882352941178
10456,127,23,18.11023622047244
10457,100,15,15.0
10458,146,27,18.493150684931507
10459,64,6,9.375
10460,102,17,16.666666666666664
10461,41,5,12.195121951219512
10462,36,4,11.11111111111111
10463,77,14,18.181818181818183
10465,19,3,15.789473684210526
10466,67,13,19.402985074626866
10467,105,11,10.476190476190476
10468,142,19,13.380281690140844
10469,41,6,14.634146341463413
10470,11,10,90.9090909090909
10471,6,1,16.666666666666664
10472,95,16,16.842105263157894
10473,110,14,12.727272727272727
10474,26,3,11.538461538461538
10475,17,0,0.0
11004,1,1,100.0
11101,52,6,11.538461538461538
11102,19,2,10.526315789473683
11103,22,1,4.545454545454546
11104,11,1,9.090909090909092
11105,19,1,5.263157894736842
11106,14,3,21.428571428571427
11201,133,27,20.30075187969925
11203,90,12,13.333333333333334
11204,31,1,3.225806451612903
11205,61,9,14.754098360655737
11206,130,32,24.615384615384617
11207,169,34,20.118343195266274
11208,87,18,20.689655172413794
11209,33,11,33.33333333333333
11210,27,0,0.0
11211,45,13,28.888888888888886
11212,150,22,14.666666666666666
11213,105,20,19.047619047619047
11214,78,9,11.538461538461538
11215,48,7,14.583333333333334
11216,100,18,18.0
11217,75,25,33.33333333333333
11218,13,2,15.384615384615385
11219,44,8,18.181818181818183
11220,107,4,3.7383177570093453
11221,98,22,22.448979591836736
11222,55,8,14.545454545454545
11223,89,13,14.606741573033707
11224,73,17,23.28767123287671
11225,54,8,14.814814814814813
11226,125,22,17.599999999999998
11228,11,1,9.090909090909092
11229,65,10,15.384615384615385
11230,43,10,23.25581395348837
11231,60,16,26.666666666666668
11232,42,0,0.0
11233,107,16,14.953271028037381
11234,106,25,23.58490566037736
11235,53,15,28.30188679245283
11236,85,9,10.588235294117647
11237,53,7,13.20754716981132
11238,70,12,17.142857142857142
11239,13,4,30.76923076923077
11249,15,3,20.0
11354,42,12,28.57142857142857
11355,30,0,0.0
11356,8,2,25.0
11357,13,0,0.0
11358,12,0,0.0
11360,3,0,0.0
11361,23,1,4.3478260869565215
11362,9,0,0.0
11363,7,1,14.285714285714285
11364,34,1,2.941176470588235
11365,9,3,33.33333333333333
11366,10,2,20.0
11367,21,2,9.523809523809524
11368,85,19,22.35294117647059
11369,26,8,30.76923076923077
11370,10,2,20.0
11372,64,7,10.9375
11373,76,11,14.473684210526317
11374,29,2,6.896551724137931
11375,47,1,2.127659574468085
11377,29,0,0.0
11378,17,0,0.0
11379,31,1,3.225806451612903
11385,88,6,6.8181818181818175
11411,8,0,0.0
11412,20,0,0.0
11413,25,4,16.0
11414,15,2,13.333333333333334
11415,4,0,0.0
11416,13,0,0.0
11417,24,3,12.5
11418,9,0,0.0
11419,26,3,11.538461538461538
11420,39,3,7.6923076923076925
11421,9,1,11.11111111111111
11422,18,3,16.666666666666664
11423,16,2,12.5
11426,7,0,0.0
11427,8,1,12.5
11428,6,2,33.33333333333333
11429,20,1,5.0
11432,85,14,16.470588235294116
11433,45,4,8.88888888888889
11434,85,21,24.705882352941178
11435,41,4,9.75609756097561
11436,5,0,0.0
11691,64,7,10.9375
11692,47,7,14.893617021276595
11693,9,0,0.0
11694,11,1,9.090909090909092
