STOP_LOCATION_ZIP_CODE,FREQUENCY
10000,6
10001,92
10002,109
10003,82
10004,7
10005,7
10006,5
10007,5
10009,88
10010,38
10011,65
10012,68
10013,46
10014,52
10016,35
10017,36
10018,35
10019,41
10020,4
10021,14
10022,30
10023,64
10024,51
10025,118
10026,87
10027,120
10028,62
10029,227
10030,33
10031,68
10032,59
10033,59
10034,31
10035,140
10036,78
10037,30
10038,12
10039,38
10040,40
10048,2
10065,42
10069,2
10075,20
10121,1
10128,44
10153,1
10168,1
10301,39
10302,18
10303,50
10304,39
10305,22
10306,31
10307,4
10308,18
10309,22
10310,13
10312,47
10314,38
10451,87
10452,66
10453,159
10454,82
10455,102
10456,128
10457,106
10458,154
10459,67
10460,104
10461,43
10462,37
10463,78
10465,21
10466,68
10467,108
10468,154
10469,41
10470,11
10471,6
10472,96
10473,113
10474,29
10475,17
11004,1
11101,54
11102,19
11103,22
11104,11
11105,19
11106,14
11201,134
11203,90
11204,33
11205,62
11206,135
11207,176
11208,93
11209,33
11210,27
11211,47
11212,152
11213,107
11214,79
11215,48
11216,103
11217,79
11218,14
11219,44
11220,113
11221,104
11222,58
11223,93
11224,77
11225,55
11226,128
11228,11
11229,69
11230,44
11231,61
11232,43
11233,114
11234,114
11235,54
11236,91
11237,53
11238,71
11239,13
11249,15
11354,42
11355,30
11356,8
11357,14
11358,12
11360,3
11361,23
11362,9
11363,7
11364,35
11365,9
11366,10
11367,21
11368,86
11369,26
11370,10
11372,64
11373,77
11374,29
11375,49
11377,29
11378,17
11379,31
11385,88
11411,8
11412,21
11413,26
11414,15
11415,5
11416,14
11417,24
11418,9
11419,27
11420,40
11421,10
11422,18
11423,16
11426,7
11427,8
11428,6
11429,20
11432,86
11433,45
11434,86
11435,41
11436,5
11691,66
11692,48
11693,9
11694,11
